    0REM SAVE":2.ELKENV1"
   10REM Elk Envelopes 1/5/86
   20REM
   30*FX 12,2
   40 
   50 ENVELOPE 1,1,-2,0,0,255,0,0,126,0,0,-126,126,126:REM Exploding Alien
   60 ENVELOPE 2,1,-2,2,0,20,20,0,126,0,0,-126,126,126:REM Firing Sound
   70 ENVELOPE 3,3,+12,+16,-28,1,1,1,126,0,0,-126,126,126:REM Last man
   80 
   90REM Tune Envelopes
  100 
  110 ENVELOPE 4,2,+1,-1,+1,2,4,2,126,0,0,-126,126,126
  120 ENVELOPE 5,2,+1,-1,+1,2,4,2,126,0,0,-126,126,126
  130 ENVELOPE 6,0,0,0,0,0,0,0,126,0,0,-126,126,126
  140 ENVELOPE 7,5,0,-1,0,7,255,0,126,0,0,-126,126,126
  150 ENVELOPE 8,3,+20,0,-1,1,7,255,126,0,0,-126,126,126
  160 *RUN GAME
